IMPLEMENTATION MODULE SCR_GD; (* 14-May-89. (c) KRONOS *)

IMPORT SYSTEM, mCodeMnem, ASCII;

FROM SYSTEM     IMPORT  ADDRESS, ADR, WORD;

CONST
  max_l=24; (* maximum screen sizes *)
  max_c=80;

VAR
  lines  : INTEGER;  (* screen sizes *)
  columns: INTEGER;
  text   : BOOLEAN;  (* text mode on *)
  char_w : INTEGER;  (* char place   *)
  char_h : INTEGER;  (* sizes        *)
  wl,wc  : INTEGER;  (* write position  *)
  c_on   : BOOLEAN;  (* carret  off/on  *)
  i_on   : BOOLEAN;  (* reverse off/on  *)
  u_on   : BOOLEAN;  (* underlined off/on *)
  mode   : INTEGER;

CONST
  rep=0; or=1; xor=2; bic=3;

  SYS_FNT_font = ARRAY OF INTEGER {
8, 12, 74299,
000h,000h,000h,000h,000h,000h,000h,000h,000h,000h,000h,000h,
000h,000h,000h,000h,000h,000h,000h,000h,000h,000h,000h,000h,
000h,000h,000h,000h,000h,000h,000h,000h,000h,000h,000h,000h,
000h,000h,000h,000h,000h,000h,000h,000h,000h,000h,000h,000h,
000h,000h,000h,000h,000h,000h,000h,000h,000h,000h,000h,000h,
000h,000h,000h,000h,000h,000h,000h,000h,000h,000h,000h,000h,
000h,000h,000h,000h,000h,000h,000h,000h,000h,000h,000h,000h,
000h,000h,000h,000h,000h,000h,000h,000h,000h,000h,000h,000h,
000h,000h,000h,000h,000h,000h,000h,000h,000h,000h,000h,000h,
000h,000h,000h,000h,000h,000h,000h,000h,000h,000h,000h,000h,
000h,000h,000h,000h,000h,000h,000h,000h,000h,000h,000h,000h,
000h,000h,000h,000h,000h,000h,000h,000h,000h,000h,000h,000h,
000h,000h,000h,000h,000h,000h,000h,000h,000h,000h,000h,000h,
000h,000h,000h,000h,000h,000h,000h,000h,000h,000h,000h,000h,
000h,000h,000h,000h,000h,000h,000h,000h,000h,000h,000h,000h,
000h,000h,000h,000h,000h,000h,000h,000h,000h,000h,000h,000h,
000h,000h,000h,000h,000h,000h,000h,000h,000h,000h,000h,000h,
000h,000h,000h,000h,000h,000h,000h,000h,000h,000h,000h,000h,
000h,000h,000h,000h,000h,000h,000h,000h,000h,000h,000h,000h,
000h,000h,000h,000h,000h,000h,000h,000h,000h,000h,000h,000h,
000h,000h,000h,000h,000h,000h,000h,000h,000h,000h,000h,000h,
000h,000h,000h,000h,000h,000h,000h,000h,000h,000h,000h,000h,
000h,000h,000h,000h,000h,000h,000h,000h,000h,000h,000h,000h,
000h,000h,000h,000h,000h,000h,000h,000h,000h,000h,000h,000h,
000h,000h,000h,000h,000h,000h,000h,000h,000h,000h,000h,000h,
000h,000h,000h,000h,000h,000h,000h,000h,000h,000h,000h,000h,
000h,000h,000h,000h,000h,000h,000h,000h,000h,000h,000h,000h,
000h,000h,000h,000h,000h,000h,000h,000h,000h,000h,000h,000h,
000h,000h,000h,000h,000h,000h,000h,000h,000h,000h,000h,000h,
000h,000h,000h,000h,000h,000h,000h,000h,000h,000h,000h,000h,
000h,000h,000h,000h,000h,000h,000h,000h,000h,000h,000h,000h,
000h,000h,000h,000h,000h,000h,000h,000h,000h,000h,000h,000h,
000h,000h,000h,000h,000h,000h,000h,000h,000h,000h,000h,000h,
000h,008h,008h,008h,008h,008h,008h,008h,000h,008h,000h,000h,
000h,048h,024h,012h,000h,000h,000h,000h,000h,000h,000h,000h,
000h,000h,000h,014h,014h,07Fh,014h,07Fh,014h,014h,000h,000h,
000h,014h,03Eh,055h,015h,03Eh,054h,055h,03Eh,014h,000h,000h,
000h,002h,045h,025h,012h,008h,024h,052h,051h,020h,000h,000h,
000h,008h,014h,014h,008h,044h,02Ah,011h,029h,046h,000h,000h,
000h,010h,008h,004h,000h,000h,000h,000h,000h,000h,000h,000h,
000h,020h,010h,008h,008h,008h,008h,008h,010h,020h,000h,000h,
000h,002h,004h,008h,008h,008h,008h,008h,004h,002h,000h,000h,
000h,000h,000h,014h,008h,03Eh,008h,014h,000h,000h,000h,000h,
000h,000h,000h,008h,008h,03Eh,008h,008h,000h,000h,000h,000h,
000h,000h,000h,000h,000h,000h,000h,000h,000h,00Ch,008h,004h,
000h,000h,000h,000h,000h,000h,03Eh,000h,000h,000h,000h,000h,
000h,000h,000h,000h,000h,000h,000h,000h,000h,00Ch,000h,000h,
000h,000h,040h,020h,010h,008h,004h,002h,001h,000h,000h,000h,
000h,03Eh,041h,061h,051h,049h,045h,043h,041h,03Eh,000h,000h,
000h,008h,00Ch,008h,008h,008h,008h,008h,008h,01Ch,000h,000h,
000h,03Eh,041h,040h,040h,020h,018h,006h,041h,07Fh,000h,000h,
000h,07Fh,040h,020h,018h,020h,040h,040h,041h,03Eh,000h,000h,
000h,020h,030h,028h,024h,022h,021h,07Fh,020h,020h,000h,000h,
000h,07Fh,001h,001h,03Fh,040h,040h,040h,041h,03Eh,000h,000h,
000h,03Eh,041h,001h,001h,03Fh,041h,041h,041h,03Eh,000h,000h,
000h,07Fh,040h,040h,020h,010h,008h,008h,008h,008h,000h,000h,
000h,03Eh,041h,041h,041h,03Eh,041h,041h,041h,03Eh,000h,000h,
000h,03Eh,041h,041h,041h,07Eh,040h,040h,041h,03Eh,000h,000h,
000h,000h,000h,000h,000h,00Ch,000h,000h,000h,00Ch,000h,000h,
000h,000h,000h,000h,000h,00Ch,000h,000h,000h,00Ch,008h,004h,
000h,020h,010h,008h,004h,002h,004h,008h,010h,020h,000h,000h,
000h,000h,000h,000h,03Eh,000h,000h,03Eh,000h,000h,000h,000h,
000h,002h,004h,008h,010h,020h,010h,008h,004h,002h,000h,000h,
000h,01Ch,022h,020h,020h,010h,008h,008h,000h,008h,000h,000h,
000h,01Ch,022h,041h,041h,079h,049h,079h,002h,00Ch,000h,000h,
000h,008h,014h,022h,041h,041h,07Fh,041h,041h,041h,000h,000h,
000h,01Fh,021h,021h,021h,03Fh,041h,041h,041h,03Fh,000h,000h,
000h,01Ch,022h,041h,001h,001h,001h,041h,022h,01Ch,000h,000h,
000h,01Fh,021h,041h,041h,041h,041h,041h,021h,01Fh,000h,000h,
000h,07Fh,001h,001h,001h,01Fh,001h,001h,001h,07Fh,000h,000h,
000h,07Fh,001h,001h,001h,01Fh,001h,001h,001h,001h,000h,000h,
000h,01Ch,022h,041h,001h,001h,071h,041h,022h,01Ch,000h,000h,
000h,041h,041h,041h,041h,07Fh,041h,041h,041h,041h,000h,000h,
000h,01Ch,008h,008h,008h,008h,008h,008h,008h,01Ch,000h,000h,
000h,01Ch,008h,008h,008h,008h,008h,008h,009h,006h,000h,000h,
000h,041h,021h,011h,009h,005h,00Bh,011h,021h,041h,000h,000h,
000h,001h,001h,001h,001h,001h,001h,001h,041h,07Fh,000h,000h,
000h,041h,063h,055h,049h,049h,041h,041h,041h,041h,000h,000h,
000h,041h,043h,045h,049h,051h,061h,041h,041h,041h,000h,000h,
000h,01Ch,022h,041h,041h,041h,041h,041h,022h,01Ch,000h,000h,
000h,03Fh,041h,041h,041h,041h,03Fh,001h,001h,001h,000h,000h,
000h,01Ch,022h,041h,041h,041h,049h,051h,022h,05Ch,000h,000h,
000h,03Fh,041h,041h,041h,041h,03Fh,011h,021h,041h,000h,000h,
000h,03Eh,041h,001h,001h,03Eh,040h,040h,041h,03Eh,000h,000h,
000h,07Fh,008h,008h,008h,008h,008h,008h,008h,008h,000h,000h,
000h,041h,041h,041h,041h,041h,041h,041h,041h,03Eh,000h,000h,
000h,041h,041h,041h,041h,041h,041h,022h,014h,008h,000h,000h,
000h,041h,049h,049h,049h,049h,049h,049h,055h,022h,000h,000h,
000h,041h,022h,014h,008h,008h,008h,014h,022h,041h,000h,000h,
000h,041h,041h,041h,022h,014h,008h,008h,008h,008h,000h,000h,
000h,07Fh,040h,020h,010h,008h,004h,002h,001h,07Fh,000h,000h,
000h,038h,008h,008h,008h,008h,008h,008h,008h,038h,000h,000h,
000h,000h,001h,002h,004h,008h,010h,020h,040h,000h,000h,000h,
000h,00Eh,008h,008h,008h,008h,008h,008h,008h,00Eh,000h,000h,
000h,008h,014h,022h,000h,000h,000h,000h,000h,000h,000h,000h,
000h,000h,000h,000h,000h,000h,000h,000h,000h,07Fh,000h,000h,
000h,004h,008h,010h,000h,000h,000h,000h,000h,000h,000h,000h,
000h,000h,000h,00Ch,012h,012h,012h,012h,012h,06Ch,000h,000h,
000h,002h,002h,01Ah,026h,022h,022h,022h,026h,01Ah,000h,000h,
000h,000h,000h,01Ch,022h,002h,002h,002h,022h,01Ch,000h,000h,
000h,020h,020h,02Ch,032h,022h,022h,022h,032h,02Ch,000h,000h,
000h,000h,000h,01Ch,022h,022h,03Eh,002h,022h,01Ch,000h,000h,
000h,010h,028h,008h,01Ch,008h,008h,008h,008h,008h,000h,000h,
000h,000h,000h,01Dh,022h,022h,022h,022h,022h,03Ch,020h,01Ch,
000h,002h,002h,01Ah,026h,022h,022h,022h,022h,022h,000h,000h,
000h,004h,000h,004h,004h,004h,004h,004h,014h,008h,000h,000h,
000h,010h,000h,010h,010h,010h,010h,010h,010h,010h,014h,008h,
000h,002h,002h,022h,012h,00Ah,006h,00Ah,012h,022h,000h,000h,
000h,004h,004h,004h,004h,004h,004h,004h,014h,008h,000h,000h,
000h,000h,000h,025h,05Bh,049h,049h,049h,049h,049h,000h,000h,
000h,000h,000h,01Ah,026h,022h,022h,022h,022h,022h,000h,000h,
000h,000h,000h,01Ch,022h,022h,022h,022h,022h,01Ch,000h,000h,
000h,000h,000h,01Ah,026h,022h,022h,022h,026h,01Ah,002h,002h,
000h,000h,000h,02Ch,032h,022h,022h,022h,032h,02Ch,020h,020h,
000h,000h,000h,01Ah,026h,002h,002h,002h,002h,002h,000h,000h,
000h,000h,000h,01Ch,022h,002h,01Ch,020h,022h,01Ch,000h,000h,
000h,004h,00Eh,004h,004h,004h,004h,004h,024h,018h,000h,000h,
